#Wed Apr 15 17:01:38 ART 2015
print.page.height=11.692913385826772
eclipse.preferences.version=1
print.page.width=8.267716535433072
